time	time	departures_all	arrivals_all	stuck_all	en-route_all	departures_car	arrivals_car	stuck_car	en-route_car
00:00:00	0	1	1	0	0	1	1	0	0
00:05:00	300	0	0	0	0	0	0	0	0
00:10:00	600	0	0	0	0	0	0	0	0
00:15:00	900	0	0	0	0	0	0	0	0
00:20:00	1200	3	2	0	1	3	2	0	1
00:25:00	1500	3	3	0	1	3	3	0	1
00:30:00	1800	1	2	0	0	1	2	0	0
00:35:00	2100	1	1	0	0	1	1	0	0
00:40:00	2400	4	1	0	3	4	1	0	3
00:45:00	2700	1	4	0	0	1	4	0	0
00:50:00	3000	4	1	0	3	4	1	0	3
00:55:00	3300	1	3	0	1	1	3	0	1
01:00:00	3600	5	2	0	4	5	2	0	4
01:05:00	3900	2	6	0	0	2	6	0	0
01:10:00	4200	2	1	0	1	2	1	0	1
01:15:00	4500	4	3	0	2	4	3	0	2
01:20:00	4800	1	3	0	0	1	3	0	0
01:25:00	5100	2	0	0	2	2	0	0	2
01:30:00	5400	2	3	0	1	2	3	0	1
01:35:00	5700	4	2	0	3	4	2	0	3
01:40:00	6000	6	6	0	3	6	6	0	3
01:45:00	6300	2	3	0	2	2	3	0	2
01:50:00	6600	0	2	0	0	0	2	0	0
01:55:00	6900	7	4	0	3	7	4	0	3
02:00:00	7200	3	5	0	1	3	5	0	1
02:05:00	7500	3	2	0	2	3	2	0	2
02:10:00	7800	1	2	0	1	1	2	0	1
02:15:00	8100	4	3	0	2	4	3	0	2
02:20:00	8400	0	2	0	0	0	2	0	0
02:25:00	8700	1	0	0	1	1	0	0	1
02:30:00	9000	1	1	0	1	1	1	0	1
02:35:00	9300	0	1	0	0	0	1	0	0
02:40:00	9600	0	0	0	0	0	0	0	0
02:45:00	9900	0	0	0	0	0	0	0	0
02:50:00	10200	0	0	0	0	0	0	0	0
02:55:00	10500	0	0	0	0	0	0	0	0
03:00:00	10800	0	0	0	0	0	0	0	0
03:05:00	11100	0	0	0	0	0	0	0	0
03:10:00	11400	0	0	0	0	0	0	0	0
03:15:00	11700	0	0	0	0	0	0	0	0
03:20:00	12000	0	0	0	0	0	0	0	0
03:25:00	12300	0	0	0	0	0	0	0	0
03:30:00	12600	0	0	0	0	0	0	0	0
03:35:00	12900	0	0	0	0	0	0	0	0
03:40:00	13200	0	0	0	0	0	0	0	0
03:45:00	13500	0	0	0	0	0	0	0	0
03:50:00	13800	0	0	0	0	0	0	0	0
03:55:00	14100	0	0	0	0	0	0	0	0
04:00:00	14400	0	0	0	0	0	0	0	0
04:05:00	14700	0	0	0	0	0	0	0	0
04:10:00	15000	0	0	0	0	0	0	0	0
04:15:00	15300	0	0	0	0	0	0	0	0
04:20:00	15600	0	0	0	0	0	0	0	0
04:25:00	15900	0	0	0	0	0	0	0	0
04:30:00	16200	0	0	0	0	0	0	0	0
04:35:00	16500	0	0	0	0	0	0	0	0
04:40:00	16800	0	0	0	0	0	0	0	0
04:45:00	17100	0	0	0	0	0	0	0	0
04:50:00	17400	0	0	0	0	0	0	0	0
04:55:00	17700	0	0	0	0	0	0	0	0
05:00:00	18000	0	0	0	0	0	0	0	0
05:05:00	18300	0	0	0	0	0	0	0	0
05:10:00	18600	0	0	0	0	0	0	0	0
05:15:00	18900	0	0	0	0	0	0	0	0
05:20:00	19200	0	0	0	0	0	0	0	0
05:25:00	19500	0	0	0	0	0	0	0	0
05:30:00	19800	0	0	0	0	0	0	0	0
05:35:00	20100	0	0	0	0	0	0	0	0
05:40:00	20400	0	0	0	0	0	0	0	0
05:45:00	20700	0	0	0	0	0	0	0	0
05:50:00	21000	0	0	0	0	0	0	0	0
05:55:00	21300	0	0	0	0	0	0	0	0
06:00:00	21600	0	0	0	0	0	0	0	0
06:05:00	21900	0	0	0	0	0	0	0	0
06:10:00	22200	0	0	0	0	0	0	0	0
06:15:00	22500	0	0	0	0	0	0	0	0
06:20:00	22800	0	0	0	0	0	0	0	0
06:25:00	23100	0	0	0	0	0	0	0	0
06:30:00	23400	0	0	0	0	0	0	0	0
06:35:00	23700	0	0	0	0	0	0	0	0
06:40:00	24000	0	0	0	0	0	0	0	0
06:45:00	24300	0	0	0	0	0	0	0	0
06:50:00	24600	0	0	0	0	0	0	0	0
06:55:00	24900	0	0	0	0	0	0	0	0
07:00:00	25200	1	1	0	0	1	1	0	0
07:05:00	25500	2	1	0	1	2	1	0	1
07:10:00	25800	2	1	0	2	2	1	0	2
07:15:00	26100	4	3	0	3	4	3	0	3
07:20:00	26400	16	11	0	8	16	11	0	8
07:25:00	26700	24	18	0	14	24	18	0	14
07:30:00	27000	41	35	0	20	41	35	0	20
07:35:00	27300	43	37	0	26	43	37	0	26
07:40:00	27600	36	39	0	23	36	39	0	23
07:45:00	27900	41	37	0	27	41	37	0	27
07:50:00	28200	18	32	0	13	18	32	0	13
07:55:00	28500	35	28	0	20	35	28	0	20
08:00:00	28800	16	29	0	7	16	29	0	7
08:05:00	29100	18	15	0	10	18	15	0	10
08:10:00	29400	13	18	0	5	13	18	0	5
08:15:00	29700	10	10	0	5	10	10	0	5
08:20:00	30000	14	11	0	8	14	11	0	8
08:25:00	30300	12	15	0	5	12	15	0	5
08:30:00	30600	15	14	0	6	15	14	0	6
08:35:00	30900	9	10	0	5	9	10	0	5
08:40:00	31200	15	14	0	6	15	14	0	6
08:45:00	31500	19	14	0	11	19	14	0	11
08:50:00	31800	18	19	0	10	18	19	0	10
08:55:00	32100	13	16	0	7	13	16	0	7
09:00:00	32400	18	18	0	7	18	18	0	7
09:05:00	32700	17	14	0	10	17	14	0	10
09:10:00	33000	15	21	0	4	15	21	0	4
09:15:00	33300	17	11	0	10	17	11	0	10
09:20:00	33600	12	14	0	8	12	14	0	8
09:25:00	33900	15	12	0	11	15	12	0	11
09:30:00	34200	5	15	0	1	5	15	0	1
09:35:00	34500	12	8	0	5	12	8	0	5
09:40:00	34800	12	8	0	9	12	8	0	9
09:45:00	35100	10	13	0	6	10	13	0	6
09:50:00	35400	6	8	0	4	6	8	0	4
09:55:00	35700	11	10	0	5	11	10	0	5
10:00:00	36000	8	8	0	5	8	8	0	5
10:05:00	36300	4	7	0	2	4	7	0	2
10:10:00	36600	5	6	0	1	5	6	0	1
10:15:00	36900	3	3	0	1	3	3	0	1
10:20:00	37200	2	1	0	2	2	1	0	2
10:25:00	37500	4	4	0	2	4	4	0	2
10:30:00	37800	5	4	0	3	5	4	0	3
10:35:00	38100	4	5	0	2	4	5	0	2
10:40:00	38400	6	6	0	2	6	6	0	2
10:45:00	38700	3	4	0	1	3	4	0	1
10:50:00	39000	5	4	0	2	5	4	0	2
10:55:00	39300	5	5	0	2	5	5	0	2
11:00:00	39600	7	6	0	3	7	6	0	3
11:05:00	39900	3	4	0	2	3	4	0	2
11:10:00	40200	7	5	0	4	7	5	0	4
11:15:00	40500	2	5	0	1	2	5	0	1
11:20:00	40800	1	1	0	1	1	1	0	1
11:25:00	41100	1	1	0	1	1	1	0	1
11:30:00	41400	0	1	0	0	0	1	0	0
11:35:00	41700	1	0	0	1	1	0	0	1
11:40:00	42000	1	1	0	1	1	1	0	1
11:45:00	42300	0	1	0	0	0	1	0	0
11:50:00	42600	0	0	0	0	0	0	0	0
11:55:00	42900	2	1	0	1	2	1	0	1
12:00:00	43200	5	6	0	0	5	6	0	0
12:05:00	43500	1	0	0	1	1	0	0	1
12:10:00	43800	0	1	0	0	0	1	0	0
12:15:00	44100	1	0	0	1	1	0	0	1
12:20:00	44400	2	1	0	2	2	1	0	2
12:25:00	44700	2	4	0	0	2	4	0	0
12:30:00	45000	1	0	0	1	1	0	0	1
12:35:00	45300	1	2	0	0	1	2	0	0
12:40:00	45600	0	0	0	0	0	0	0	0
12:45:00	45900	0	0	0	0	0	0	0	0
12:50:00	46200	0	0	0	0	0	0	0	0
12:55:00	46500	0	0	0	0	0	0	0	0
13:00:00	46800	1	1	0	0	1	1	0	0
13:05:00	47100	0	0	0	0	0	0	0	0
13:10:00	47400	0	0	0	0	0	0	0	0
13:15:00	47700	0	0	0	0	0	0	0	0
13:20:00	48000	0	0	0	0	0	0	0	0
13:25:00	48300	0	0	0	0	0	0	0	0
13:30:00	48600	2	1	0	1	2	1	0	1
13:35:00	48900	1	2	0	0	1	2	0	0
13:40:00	49200	1	1	0	0	1	1	0	0
13:45:00	49500	1	1	0	0	1	1	0	0
13:50:00	49800	0	0	0	0	0	0	0	0
13:55:00	50100	0	0	0	0	0	0	0	0
14:00:00	50400	0	0	0	0	0	0	0	0
14:05:00	50700	0	0	0	0	0	0	0	0
14:10:00	51000	1	0	0	1	1	0	0	1
14:15:00	51300	3	3	0	1	3	3	0	1
14:20:00	51600	2	3	0	0	2	3	0	0
14:25:00	51900	2	1	0	1	2	1	0	1
14:30:00	52200	0	1	0	0	0	1	0	0
14:35:00	52500	0	0	0	0	0	0	0	0
14:40:00	52800	0	0	0	0	0	0	0	0
14:45:00	53100	0	0	0	0	0	0	0	0
14:50:00	53400	0	0	0	0	0	0	0	0
14:55:00	53700	0	0	0	0	0	0	0	0
15:00:00	54000	5	5	0	0	5	5	0	0
15:05:00	54300	0	0	0	0	0	0	0	0
15:10:00	54600	0	0	0	0	0	0	0	0
15:15:00	54900	0	0	0	0	0	0	0	0
15:20:00	55200	0	0	0	0	0	0	0	0
15:25:00	55500	0	0	0	0	0	0	0	0
15:30:00	55800	0	0	0	0	0	0	0	0
15:35:00	56100	0	0	0	0	0	0	0	0
15:40:00	56400	0	0	0	0	0	0	0	0
15:45:00	56700	0	0	0	0	0	0	0	0
15:50:00	57000	0	0	0	0	0	0	0	0
15:55:00	57300	0	0	0	0	0	0	0	0
16:00:00	57600	4	4	0	0	4	4	0	0
16:05:00	57900	1	1	0	0	1	1	0	0
16:10:00	58200	0	0	0	0	0	0	0	0
16:15:00	58500	1	1	0	0	1	1	0	0
16:20:00	58800	12	4	0	8	12	4	0	8
16:25:00	59100	15	17	0	6	15	17	0	6
16:30:00	59400	12	11	0	7	12	11	0	7
16:35:00	59700	7	8	0	6	7	8	0	6
16:40:00	60000	18	13	0	11	18	13	0	11
16:45:00	60300	16	18	0	9	16	18	0	9
16:50:00	60600	3	11	0	1	3	11	0	1
16:55:00	60900	3	1	0	3	3	1	0	3
17:00:00	61200	43	30	0	16	43	30	0	16
17:05:00	61500	57	46	0	27	57	46	0	27
17:10:00	61800	51	53	0	25	51	53	0	25
17:15:00	62100	52	43	0	34	52	43	0	34
17:20:00	62400	74	58	0	50	74	58	0	50
17:25:00	62700	76	89	0	37	76	89	0	37
17:30:00	63000	39	55	0	21	39	55	0	21
17:35:00	63300	22	32	0	11	22	32	0	11
17:40:00	63600	6	12	0	5	6	12	0	5
17:45:00	63900	6	8	0	3	6	8	0	3
17:50:00	64200	8	6	0	5	8	6	0	5
17:55:00	64500	11	11	0	5	11	11	0	5
18:00:00	64800	13	12	0	6	13	12	0	6
18:05:00	65100	12	11	0	7	12	11	0	7
18:10:00	65400	10	12	0	5	10	12	0	5
18:15:00	65700	11	11	0	5	11	11	0	5
18:20:00	66000	16	14	0	7	16	14	0	7
18:25:00	66300	7	10	0	4	7	10	0	4
18:30:00	66600	12	7	0	9	12	7	0	9
18:35:00	66900	20	17	0	12	20	17	0	12
18:40:00	67200	19	21	0	10	19	21	0	10
18:45:00	67500	18	22	0	6	18	22	0	6
18:50:00	67800	18	17	0	7	18	17	0	7
18:55:00	68100	15	11	0	11	15	11	0	11
19:00:00	68400	16	19	0	8	16	19	0	8
19:05:00	68700	11	15	0	4	11	15	0	4
19:10:00	69000	18	10	0	12	18	10	0	12
19:15:00	69300	9	17	0	4	9	17	0	4
19:20:00	69600	10	10	0	4	10	10	0	4
19:25:00	69900	14	12	0	6	14	12	0	6
19:30:00	70200	13	13	0	6	13	13	0	6
19:35:00	70500	12	11	0	7	12	11	0	7
19:40:00	70800	22	16	0	13	22	16	0	13
19:45:00	71100	16	23	0	6	16	23	0	6
19:50:00	71400	8	11	0	3	8	11	0	3
19:55:00	71700	19	13	0	9	19	13	0	9
20:00:00	72000	8	14	0	3	8	14	0	3
20:05:00	72300	4	5	0	2	4	5	0	2
20:10:00	72600	3	3	0	2	3	3	0	2
20:15:00	72900	5	3	0	4	5	3	0	4
20:20:00	73200	4	5	0	3	4	5	0	3
20:25:00	73500	1	4	0	0	1	4	0	0
20:30:00	73800	3	2	0	1	3	2	0	1
20:35:00	74100	1	2	0	0	1	2	0	0
20:40:00	74400	6	3	0	3	6	3	0	3
20:45:00	74700	8	6	0	5	8	6	0	5
20:50:00	75000	6	10	0	1	6	10	0	1
20:55:00	75300	7	4	0	4	7	4	0	4
21:00:00	75600	7	6	0	5	7	6	0	5
21:05:00	75900	12	11	0	6	12	11	0	6
21:10:00	76200	12	9	0	9	12	9	0	9
21:15:00	76500	16	15	0	10	16	15	0	10
21:20:00	76800	14	15	0	9	14	15	0	9
21:25:00	77100	20	19	0	10	20	19	0	10
21:30:00	77400	11	13	0	8	11	13	0	8
21:35:00	77700	11	9	0	10	11	9	0	10
21:40:00	78000	11	16	0	5	11	16	0	5
21:45:00	78300	15	10	0	10	15	10	0	10
21:50:00	78600	14	16	0	8	14	16	0	8
21:55:00	78900	12	13	0	7	12	13	0	7
22:00:00	79200	20	13	0	14	20	13	0	14
22:05:00	79500	34	30	0	18	34	30	0	18
22:10:00	79800	29	35	0	12	29	35	0	12
22:15:00	80100	25	23	0	14	25	23	0	14
22:20:00	80400	33	27	0	20	33	27	0	20
22:25:00	80700	38	39	0	19	38	39	0	19
22:30:00	81000	25	33	0	11	25	33	0	11
22:35:00	81300	22	23	0	10	22	23	0	10
22:40:00	81600	19	21	0	8	19	21	0	8
22:45:00	81900	11	12	0	7	11	12	0	7
22:50:00	82200	9	10	0	6	9	10	0	6
22:55:00	82500	9	11	0	4	9	11	0	4
23:00:00	82800	11	5	0	10	11	5	0	10
23:05:00	83100	9	13	0	6	9	13	0	6
23:10:00	83400	6	9	0	3	6	9	0	3
23:15:00	83700	9	7	0	5	9	7	0	5
23:20:00	84000	8	8	0	5	8	8	0	5
23:25:00	84300	0	5	0	0	0	5	0	0
23:30:00	84600	2	1	0	1	2	1	0	1
23:35:00	84900	5	3	0	3	5	3	0	3
23:40:00	85200	10	9	0	4	10	9	0	4
23:45:00	85500	11	8	0	7	11	8	0	7
23:50:00	85800	10	14	0	3	10	14	0	3
23:55:00	86100	5	5	0	3	5	5	0	3
24:00:00	86400	0	0	3	0	0	0	3	0
24:05:00	86700	0	0	0	0	0	0	0	0
24:10:00	87000	0	0	0	0	0	0	0	0
24:15:00	87300	0	0	0	0	0	0	0	0
24:20:00	87600	0	0	0	0	0	0	0	0
24:25:00	87900	0	0	0	0	0	0	0	0
24:30:00	88200	0	0	0	0	0	0	0	0
24:35:00	88500	0	0	0	0	0	0	0	0
24:40:00	88800	0	0	0	0	0	0	0	0
24:45:00	89100	0	0	0	0	0	0	0	0
24:50:00	89400	0	0	0	0	0	0	0	0
24:55:00	89700	0	0	0	0	0	0	0	0
25:00:00	90000	0	0	0	0	0	0	0	0
25:05:00	90300	0	0	0	0	0	0	0	0
25:10:00	90600	0	0	0	0	0	0	0	0
25:15:00	90900	0	0	0	0	0	0	0	0
25:20:00	91200	0	0	0	0	0	0	0	0
25:25:00	91500	0	0	0	0	0	0	0	0
25:30:00	91800	0	0	0	0	0	0	0	0
25:35:00	92100	0	0	0	0	0	0	0	0
25:40:00	92400	0	0	0	0	0	0	0	0
25:45:00	92700	0	0	0	0	0	0	0	0
25:50:00	93000	0	0	0	0	0	0	0	0
25:55:00	93300	0	0	0	0	0	0	0	0
26:00:00	93600	0	0	0	0	0	0	0	0
26:05:00	93900	0	0	0	0	0	0	0	0
26:10:00	94200	0	0	0	0	0	0	0	0
26:15:00	94500	0	0	0	0	0	0	0	0
26:20:00	94800	0	0	0	0	0	0	0	0
26:25:00	95100	0	0	0	0	0	0	0	0
26:30:00	95400	0	0	0	0	0	0	0	0
26:35:00	95700	0	0	0	0	0	0	0	0
26:40:00	96000	0	0	0	0	0	0	0	0
26:45:00	96300	0	0	0	0	0	0	0	0
26:50:00	96600	0	0	0	0	0	0	0	0
26:55:00	96900	0	0	0	0	0	0	0	0
27:00:00	97200	0	0	0	0	0	0	0	0
27:05:00	97500	0	0	0	0	0	0	0	0
27:10:00	97800	0	0	0	0	0	0	0	0
27:15:00	98100	0	0	0	0	0	0	0	0
27:20:00	98400	0	0	0	0	0	0	0	0
27:25:00	98700	0	0	0	0	0	0	0	0
27:30:00	99000	0	0	0	0	0	0	0	0
27:35:00	99300	0	0	0	0	0	0	0	0
27:40:00	99600	0	0	0	0	0	0	0	0
27:45:00	99900	0	0	0	0	0	0	0	0
27:50:00	100200	0	0	0	0	0	0	0	0
27:55:00	100500	0	0	0	0	0	0	0	0
28:00:00	100800	0	0	0	0	0	0	0	0
28:05:00	101100	0	0	0	0	0	0	0	0
28:10:00	101400	0	0	0	0	0	0	0	0
28:15:00	101700	0	0	0	0	0	0	0	0
28:20:00	102000	0	0	0	0	0	0	0	0
28:25:00	102300	0	0	0	0	0	0	0	0
28:30:00	102600	0	0	0	0	0	0	0	0
28:35:00	102900	0	0	0	0	0	0	0	0
28:40:00	103200	0	0	0	0	0	0	0	0
28:45:00	103500	0	0	0	0	0	0	0	0
28:50:00	103800	0	0	0	0	0	0	0	0
28:55:00	104100	0	0	0	0	0	0	0	0
29:00:00	104400	0	0	0	0	0	0	0	0
29:05:00	104700	0	0	0	0	0	0	0	0
29:10:00	105000	0	0	0	0	0	0	0	0
29:15:00	105300	0	0	0	0	0	0	0	0
29:20:00	105600	0	0	0	0	0	0	0	0
29:25:00	105900	0	0	0	0	0	0	0	0
29:30:00	106200	0	0	0	0	0	0	0	0
29:35:00	106500	0	0	0	0	0	0	0	0
29:40:00	106800	0	0	0	0	0	0	0	0
29:45:00	107100	0	0	0	0	0	0	0	0
29:50:00	107400	0	0	0	0	0	0	0	0
29:55:00	107700	0	0	0	0	0	0	0	0
30:00:00	108000	0	0	0	0	0	0	0	0
30:05:00	108300	0	0	0	0	0	0	0	0
